Set1:
d(0)=1.000000
d(1)=0.800000
d(2)=0.600000
d(3)=0.400000
d(4)=0.200000
d(5)=0.000000
d(6)=0.000000
d(7)=0.000000
d(8)=0.000000
d(9)=0.000000
d(10)=0.000000

notSet1:
d(0)=0.000000
d(1)=0.200000
d(2)=0.400000
d(3)=0.600000
d(4)=0.800000
d(5)=1.000000
d(6)=1.000000
d(7)=1.000000
d(8)=1.000000
d(9)=1.000000
d(10)=1.000000

Set1 union notSet1:
d(0)=1.000000
d(1)=0.800000
d(2)=0.600000
d(3)=0.600000
d(4)=0.800000
d(5)=1.000000
d(6)=1.000000
d(7)=1.000000
d(8)=1.000000
d(9)=1.000000
d(10)=1.000000

Set1 intersection with notSet1 using parameterised Hamacher T norm with parameter 1.0:
d(0)=0.000000
d(1)=0.160000
d(2)=0.240000
d(3)=0.240000
d(4)=0.160000
d(5)=0.000000
d(6)=0.000000
d(7)=0.000000
d(8)=0.000000
d(9)=0.000000
d(10)=0.000000

