Set1:
d(0)=1.000000
d(1)=0.800000
d(2)=0.600000
d(3)=0.400000
d(4)=0.200000
d(5)=0.000000
d(6)=0.000000
d(7)=0.000000
d(8)=0.000000
d(9)=0.000000
d(10)=0.000000

Set2:
d(-5)=0.000000
d(-4)=0.000000
d(-3)=0.250000
d(-2)=0.500000
d(-1)=0.750000
d(0)=1.000000
d(1)=0.750000
d(2)=0.500000
d(3)=0.250000
d(4)=0.000000
d(5)=0.000000

